255 255 255
252 255 255
248 255 255
244 255 255
240 254 255
236 254 255
232 254 255
228 253 255
224 253 255
220 253 255
216 252 255
212 252 255
208 251 255
204 251 255
200 251 255
196 250 255
192 250 255
188 250 255
184 249 255
180 249 255
176 249 255
172 248 255
168 248 255
163 247 255
159 247 255
155 247 255
151 246 255
147 246 255
143 246 255
139 245 255
135 245 255
131 245 255
127 244 255
123 244 255
119 243 255
115 243 255
111 243 255
107 242 255
103 242 255
99 242 255
95 241 255
91 241 255
87 241 255
83 240 255
79 240 255
75 239 255
71 239 255
67 239 255
63 238 255
59 238 255
55 238 255
51 237 255
47 237 255
43 237 255
39 236 255
35 236 255
31 235 255
27 235 255
23 235 255
19 234 255
15 234 255
11 234 255
7 233 255
3 233 255
1 233 255
4 233 251
8 233 247
12 234 243
15 234 239
19 235 235
23 235 231
26 235 227
30 236 223
33 236 219
37 236 215
40 237 211
44 237 207
48 237 203
51 238 199
55 238 195
58 239 191
62 239 187
66 239 183
69 240 179
73 240 175
76 240 171
80 241 167
84 241 162
87 241 158
91 242 154
95 242 150
98 243 146
102 243 142
105 243 138
109 244 134
113 244 130
116 244 126
120 245 122
123 245 118
127 245 114
131 246 110
134 246 106
138 247 102
141 247 98
145 247 94
148 248 90
152 248 86
156 248 82
159 249 78
163 249 74
167 249 70
170 250 66
174 250 62
177 251 58
181 251 54
185 251 50
188 252 46
192 252 42
195 252 38
199 253 34
203 253 30
206 253 26
210 254 22
213 254 18
217 255 14
221 255 10
224 255 6
228 255 2
230 255 0
230 253 0
231 251 0
231 249 0
231 246 0
232 244 0
232 242 0
233 240 0
233 238 0
233 236 0
234 234 0
234 232 0
235 230 0
235 228 0
235 226 0
236 224 0
236 222 0
237 220 0
237 217 0
238 215 0
238 213 0
238 211 0
239 209 0
239 207 0
240 205 0
240 203 0
240 201 0
241 199 0
241 197 0
242 195 0
242 193 0
242 190 0
243 188 0
243 186 0
244 184 0
244 182 0
245 180 0
245 178 0
245 176 0
246 174 0
246 172 0
247 170 0
247 168 0
247 166 0
248 164 0
248 161 0
249 159 0
249 157 0
249 155 0
250 153 0
250 151 0
251 149 0
251 147 0
252 145 0
252 143 0
252 141 0
253 139 0
253 137 0
254 135 0
254 132 0
254 130 0
255 128 0
255 126 0
255 124 0
254 122 0
252 120 0
250 118 0
248 116 0
246 114 0
244 112 0
243 111 0
241 109 0
239 107 0
237 105 0
235 103 0
233 101 0
231 99 0
229 97 0
227 95 0
225 93 0
223 91 0
221 89 0
219 87 0
217 85 0
215 83 0
213 81 0
211 80 0
209 78 0
207 76 0
205 74 0
203 72 0
201 70 0
199 68 0
197 66 0
195 64 0
193 62 0
191 60 0
190 58 0
188 56 0
186 54 0
184 52 0
182 50 0
180 48 0
178 47 0
176 45 0
174 43 0
172 41 0
170 39 0
168 37 0
166 35 0
164 33 0
162 31 0
160 29 0
158 27 0
156 25 0
154 23 0
152 21 0
150 19 0
148 17 0
146 16 0
144 14 0
142 12 0
140 10 0
138 8 0
136 6 0
135 4 0
133 2 0
131 0 0
